Input image: 
1 1 1 1 1 1 1 1 1 1 1 1 1 1 1 1 1 1 1 
1 1 1 1 1 1 1 1 1 1 1 1 1 1 1 1 1 1 1 
1 1 1 1 1 1 1 1 1 1 1 1 1 1 1 1 1 1 1 
1 1 1 1 1 1 1 1 1 1 1 1 1 1 1 1 1 1 1 
1 1 1 1 1 1 1 1 1 1 1 1 1 1 1 1 1 1 1 
1 1 1 1 1 1 1 1 1 1 1 1 1 1 1 1 1 1 1 
1 1 1 1 1 1 1 1 1 1 1 1 1 1 1 1 1 1 1 
1 1 1 1 1 1 1 1 1 1 1 1 1 1 1 1 1 1 1 
1 1 1 1 1 1 1 1 1 1 1 1 1 1 1 1 1 1 1 
1 1 1 1 1 1 1 1 1 1 1 1 1 1 1 1 1 1 1 
1 1 1 1 1 1 1 1 1 1 1 1 1 1 1 1 1 1 1 
1 1 1 1 1 1 1 1 1 1 1 1 1 1 1 1 1 1 1 
1 1 1 1 1 1 1 1 1 1 1 1 1 1 1 1 1 1 1 
1 1 1 1 1 1 1 1 1 1 1 1 1 1 1 1 1 1 1 
1 1 1 1 1 1 1 1 1 1 1 1 1 1 1 1 1 1 1 

Result of cycle 2 after N thinning: 
1                                   1 
  1                               1   
  1 1 1 1 1 1 1 1 1 1 1 1 1 1 1 1 1   
  1 1 1 1 1 1 1 1 1 1 1 1 1 1 1 1 1   
  1 1 1 1 1 1 1 1 1 1 1 1 1 1 1 1 1   
  1 1 1 1 1 1 1 1 1 1 1 1 1 1 1 1 1   
  1 1 1 1 1 1 1 1 1 1 1 1 1 1 1 1 1   
  1 1 1 1 1 1 1 1 1 1 1 1 1 1 1 1 1   
  1 1 1 1 1 1 1 1 1 1 1 1 1 1 1 1 1   
  1 1 1 1 1 1 1 1 1 1 1 1 1 1 1 1 1   
  1 1 1 1 1 1 1 1 1 1 1 1 1 1 1 1 1   
  1 1 1 1 1 1 1 1 1 1 1 1 1 1 1 1 1   
  1 1 1 1 1 1 1 1 1 1 1 1 1 1 1 1 1   
  1 1 1 1 1 1 1 1 1 1 1 1 1 1 1 1 1   
1                                   1 

Result of cycle 2 after S thinning: 
1                                   1 
  1                               1   
  1 1 1 1 1 1 1 1 1 1 1 1 1 1 1 1 1   
  1 1 1 1 1 1 1 1 1 1 1 1 1 1 1 1 1   
  1 1 1 1 1 1 1 1 1 1 1 1 1 1 1 1 1   
  1 1 1 1 1 1 1 1 1 1 1 1 1 1 1 1 1   
  1 1 1 1 1 1 1 1 1 1 1 1 1 1 1 1 1   
  1 1 1 1 1 1 1 1 1 1 1 1 1 1 1 1 1   
  1 1 1 1 1 1 1 1 1 1 1 1 1 1 1 1 1   
  1 1 1 1 1 1 1 1 1 1 1 1 1 1 1 1 1   
  1 1 1 1 1 1 1 1 1 1 1 1 1 1 1 1 1   
  1 1 1 1 1 1 1 1 1 1 1 1 1 1 1 1 1   
  1 1 1 1 1 1 1 1 1 1 1 1 1 1 1 1 1   
  1                               1   
1                                   1 

Result of cycle 2 after W thinning: 
1                                   1 
  1                               1   
    1 1 1 1 1 1 1 1 1 1 1 1 1 1 1 1   
    1 1 1 1 1 1 1 1 1 1 1 1 1 1 1 1   
    1 1 1 1 1 1 1 1 1 1 1 1 1 1 1 1   
    1 1 1 1 1 1 1 1 1 1 1 1 1 1 1 1   
    1 1 1 1 1 1 1 1 1 1 1 1 1 1 1 1   
    1 1 1 1 1 1 1 1 1 1 1 1 1 1 1 1   
    1 1 1 1 1 1 1 1 1 1 1 1 1 1 1 1   
    1 1 1 1 1 1 1 1 1 1 1 1 1 1 1 1   
    1 1 1 1 1 1 1 1 1 1 1 1 1 1 1 1   
    1 1 1 1 1 1 1 1 1 1 1 1 1 1 1 1   
    1 1 1 1 1 1 1 1 1 1 1 1 1 1 1 1   
  1                               1   
1                                   1 

Result of cycle 2 after E thinning: 
1                                   1 
  1                               1   
    1 1 1 1 1 1 1 1 1 1 1 1 1 1 1     
    1 1 1 1 1 1 1 1 1 1 1 1 1 1 1     
    1 1 1 1 1 1 1 1 1 1 1 1 1 1 1     
    1 1 1 1 1 1 1 1 1 1 1 1 1 1 1     
    1 1 1 1 1 1 1 1 1 1 1 1 1 1 1     
    1 1 1 1 1 1 1 1 1 1 1 1 1 1 1     
    1 1 1 1 1 1 1 1 1 1 1 1 1 1 1     
    1 1 1 1 1 1 1 1 1 1 1 1 1 1 1     
    1 1 1 1 1 1 1 1 1 1 1 1 1 1 1     
    1 1 1 1 1 1 1 1 1 1 1 1 1 1 1     
    1 1 1 1 1 1 1 1 1 1 1 1 1 1 1     
  1                               1   
1                                   1 

Result of cycle 4 after N thinning: 
1                                   1 
  1                               1   
    1                           1     
      1                       1       
      1 1 1 1 1 1 1 1 1 1 1 1 1       
      1 1 1 1 1 1 1 1 1 1 1 1 1       
      1 1 1 1 1 1 1 1 1 1 1 1 1       
      1 1 1 1 1 1 1 1 1 1 1 1 1       
      1 1 1 1 1 1 1 1 1 1 1 1 1       
      1 1 1 1 1 1 1 1 1 1 1 1 1       
      1 1 1 1 1 1 1 1 1 1 1 1 1       
      1 1 1 1 1 1 1 1 1 1 1 1 1       
    1                           1     
  1                               1   
1                                   1 

Result of cycle 4 after S thinning: 
1                                   1 
  1                               1   
    1                           1     
      1                       1       
      1 1 1 1 1 1 1 1 1 1 1 1 1       
      1 1 1 1 1 1 1 1 1 1 1 1 1       
      1 1 1 1 1 1 1 1 1 1 1 1 1       
      1 1 1 1 1 1 1 1 1 1 1 1 1       
      1 1 1 1 1 1 1 1 1 1 1 1 1       
      1 1 1 1 1 1 1 1 1 1 1 1 1       
      1 1 1 1 1 1 1 1 1 1 1 1 1       
      1                       1       
    1                           1     
  1                               1   
1                                   1 

Result of cycle 4 after W thinning: 
1                                   1 
  1                               1   
    1                           1     
      1                       1       
        1 1 1 1 1 1 1 1 1 1 1 1       
        1 1 1 1 1 1 1 1 1 1 1 1       
        1 1 1 1 1 1 1 1 1 1 1 1       
        1 1 1 1 1 1 1 1 1 1 1 1       
        1 1 1 1 1 1 1 1 1 1 1 1       
        1 1 1 1 1 1 1 1 1 1 1 1       
        1 1 1 1 1 1 1 1 1 1 1 1       
      1                       1       
    1                           1     
  1                               1   
1                                   1 

Result of cycle 4 after E thinning: 
1                                   1 
  1                               1   
    1                           1     
      1                       1       
        1 1 1 1 1 1 1 1 1 1 1         
        1 1 1 1 1 1 1 1 1 1 1         
        1 1 1 1 1 1 1 1 1 1 1         
        1 1 1 1 1 1 1 1 1 1 1         
        1 1 1 1 1 1 1 1 1 1 1         
        1 1 1 1 1 1 1 1 1 1 1         
        1 1 1 1 1 1 1 1 1 1 1         
      1                       1       
    1                           1     
  1                               1   
1                                   1 

Final image: 
1                                   1 
  1                               1   
    1                           1     
      1                       1       
        1                   1         
          1               1           
            1           1             
            1 1 1 1 1 1 1             
            1           1             
          1               1           
        1                   1         
      1                       1       
    1                           1     
  1                               1   
1                                   1 

